>> R = minBool([ 8 9 12 13 14 17 25 28 29 30 33 34 35 38 46 49 50 51 54 55 59],2)

R =

     1     2     3     4     5     6
    -1    -1     1     0    -1     0
    -1     0     1     0    -1     1
    -1     0     1     1     0    -1
    -1     1     0    -1    -1     1
     1     0    -1    -1     0     1
     1     0    -1     0     1    -1
     0    -1     1     1     1    -1
     1     1    -1     0     1     0
     1     1     0    -1     1     1

>> R = minBool([0 1 3 2 5 7 6 15 11 10],2)

R =

     1     2     3     4
    -1    -1     0     0
    -1     0     0     1
    -1     0     1     0
     0    -1     1     0
     0     0     1     1

>> R = minBool([0 3 2 4 5 6 7 15 8 11 10],2)

R =

     1     2     3     4
     0    -1     0    -1
    -1     1     0     0
     0     0     1     1

>> R = minBool([0 4 5 7 12 13 15 8 9 10 11 ],2)

R =

     1     2     3     4
     0     0    -1    -1
     1    -1     0     0
     0     1     0     1

>> R = minBool([0 4 5 12 13 14 15 8 9 10],2)

R =

     1     2     3     4
     0     0    -1    -1
     0     1    -1     0
     1     0    -1     0
     1     0     0    -1
     1     1     0     0

>> 